free_thresh: 0.196
image: secoro_team_2.pgm
laser_height: 0.7
negate: 0.0
occupied_thresh: 0.65
origin: [-7.750000000000001, -7.300000000000001, 0]
resolution: 0.05
